NON-FEDERATED BASELINE
Testing - Prediction Accuracy: 0.7005347593582888
Confusion Matrix:
[[106  12   0   0   0   4]
 [ 65  24   0   0   0   1]
 [  0   0  47   0   2   0]
 [  7   0   0   2   2   6]
 [  3   0   0   0  90  34]
 [  0   0   0   0  32 124]]
 
Best Accuracy: 0.8777777552604675

--------------------------------------------------------------------------------------------------------

FEDERATED BASELINE
Testing - Prediction Accuracy: 0.7486631016042781
Confusion Matrix:
[[ 93  25   0   2   0   2]
 [ 40  49   0   0   0   1]
 [  0   0  46   0   3   0]
 [  1   4   0   5   2   5]
 [  0   2   0   4  89  32]
 [  0   1   0   1  16 138]]
Best Accuracy: 0.6375479102134705

--------------------------------------------------------------------------------------------------------

FEDERATED POISONED
Testing - Prediction Accuracy: 0.5543672014260249
Confusion Matrix:
[[111   2   2   1   1   5]
 [ 85   1   1   1   0   2]
 [  0   0  45   0   4   0]
 [  5   2   2   0   3   5]
 [  0   3  16   0  56  52]
 [  0   0  18   0  40  98]]

Best Accuracy: 0.7274904251098633

--------------------------------------------------------------------------------------------------------

FEDERATED POISONED - SUBMODEL PRE-TRAINING
Testing - Prediction Accuracy: 0.6577540106951871
Confusion Matrix:
[[ 87  23   8   0   0   4]
 [ 22  48  18   0   0   2]
 [  0   1  48   0   0   0]
 [  1   2   2   2   1   9]
 [  1   4  14   0  61  47]
 [  0   1  10   0  22 123]]

Best Accuracy: 0.7394636273384094

--------------------------------------------------------------------------------------------------------

FEDERATED POISONED ZEROED
Testing - Prediction Accuracy: 0.7094474153297683
Confusion Matrix:
[[ 84  30   3   2   0   3]
 [ 24  64   0   0   1   1]
 [  0   0  47   0   2   0]
 [  3   3   1   1   2   7]
 [  1   1   4   3  86  32]
 [  0   0   2   2  36 116]]
Best Accuracy: 0.7275862097740173

--------------------------------------------------------------------------------------------------------

FEDERATED POISONED RFA
Testing - Prediction Accuracy: 0.7290552584670231
Confusion Matrix:
[[ 78  37   0   2   3   2]
 [ 24  64   0   1   1   0]
 [  0   0  49   0   0   0]
 [  3   4   0   3   1   6]
 [  4   1   0   5  80  37]
 [  0   0   0   6  15 135]]
