NON-FEDERATED BASELINE
Testing - Prediction Accuracy: 0.6345811051693404
Confusion Matrix:
[[ 83  33   0   0   3   3]
 [ 41  46   0   0   2   1]
 [  0   0  49   0   0   0]
 [  4   0   0   2   6   5]
 [ 14   0   0   0  59  54]
 [  0   0   0   0  39 117]]

Best Accuracy: 0.8505747318267822

--------------------------------------------------------------------------------------------------------

FEDERATED BASELINE
Testing - Prediction Accuracy: 0.7094474153297683
Confusion Matrix:
[[ 78  32   0   4   1   7]
 [ 24  64   0   1   0   1]
 [  0   0  48   0   1   0]
 [  4   0   0   4   3   6]
 [  1   3   0   4  83  36]
 [  0   0   0   2  33 121]]

Best Accuracy: 0.7233716249465942

--------------------------------------------------------------------------------------------------------

FEDERATED POISONED
Testing - Prediction Accuracy: 0.6256684491978609
Confusion Matrix:
[[ 64  34  18   2   0   4]
 [ 25  50  14   0   0   1]
 [  0   0  48   0   1   0]
 [  4   0   1   4   0   8]
 [  1   1   3   2  70  50]
 [  0   0   1   3  37 115]]

Best Accuracy: 0.7533524632453918

--------------------------------------------------------------------------------------------------------

FEDERATED POISONED - SUBMODEL PRE-TRAINING
Testing - Prediction Accuracy: 0.6452762923351159
Confusion Matrix:
[[ 75  30  12   0   2   3]
 [ 23  52  12   1   1   1]
 [  0   0  49   0   0   0]
 [  1   2   8   1   1   4]
 [  4   1  19   0  62  41]
 [  1   1  14   0  17 123]]

Best Accuracy: 0.736398458480835

--------------------------------------------------------------------------------------------------------

FEDERATED POISONED ZEROED
Testing - Prediction Accuracy: 0.7165775401069518
Confusion Matrix:
[[ 85  24   9   1   0   3]
 [ 26  57   5   0   1   1]
 [  0   0  49   0   0   0]
 [  3   0   3   2   1   8]
 [  0   4   7   3  74  39]
 [  1   0   0   0  20 135]]

Best Accuracy: 0.6996168494224548

--------------------------------------------------------------------------------------------------------

FEDERATED POISONED RFA
Testing - Prediction Accuracy: 0.7379679144385026
Confusion Matrix:
[[ 88  27   0   3   0   4]
 [ 21  66   0   1   0   2]
 [  0   0  49   0   0   0]
 [  2   2   0   2   1  10]
 [  0   7   0   2  70  48]
 [  1   1   1   3  11 139]]
