NON-FEDERATED BASELINE
Testing - Prediction Accuracy: 0.6167557932263814
Confusion Matrix:
[[106  12   0   0   2   2]
 [ 81   8   0   0   0   1]
 [  0   2  45   2   0   0]
 [  6   0   0   2   3   6]
 [  4   0   0   0  98  25]
 [  1   0   0   0  68  87]]

--------------------------------------------------------------------------------------------------------

Best Accuracy: 0.8674329519271851
FEDERATED BASELINE
Testing - Prediction Accuracy: 0.7736185383244206
Confusion Matrix:
[[ 85  30   0   5   1   1]
 [ 16  72   0   0   0   2]
 [  1   0  48   0   0   0]
 [  2   1   0   4   5   5]
 [  1   2   0   1  95  28]
 [  0   0   0   1  25 130]]

--------------------------------------------------------------------------------------------------------

Best Accuracy: 0.7065134048461914
FEDERATED POISONED
Testing - Prediction Accuracy: 0.6595365418894831
Confusion Matrix:
[[ 63  44   6   0   5   4]
 [ 29  56   1   0   2   2]
 [  0   0  49   0   0   0]
 [  1   4   2   2   0   8]
 [  1   5  13   1  70  37]
 [  3   1   5   0  17 130]]

--------------------------------------------------------------------------------------------------------

[MISSING BEST ACCURACY, NOT USED FOR ANY METRICS]
FEDERATED POISONED - SUBMODEL PRE-TRAINING
Testing - Prediction Accuracy: 0.6363636363636364
Confusion Matrix:
[[ 87  20   9   1   1   4]
 [ 50  36   2   1   0   1]
 [  0   0  49   0   0   0]
 [  1   0   5   4   0   7]
 [  1   0  22   3  61  40]
 [  0   0  14   4  18 120]]

--------------------------------------------------------------------------------------------------------

Best Accuracy: 0.7448275685310364
FEDERATED POISONED ZEROED
Testing - Prediction Accuracy: 0.6880570409982175
Confusion Matrix:
[[ 70  31  17   1   0   3]
 [ 19  56  14   0   0   1]
 [  0   0  49   0   0   0]
 [  1   5   2   3   2   4]
 [  0   2  10   3  83  29]
 [  0   0   2   1  28 125]]

--------------------------------------------------------------------------------------------------------

Best Accuracy: 0.6885057687759399
FEDERATED POISONED RFA
Testing - Prediction Accuracy: 0.7272727272727273
Confusion Matrix:
[[ 84  30   0   3   3   2]
 [ 38  50   0   1   0   1]
 [  0   0  48   0   1   0]
 [  1   1   1   2   6   6]
 [  1   2   1   3  84  36]
 [  0   0   0   1  15 140]]
